10
721882 721948 330
198623 198930 1228
293173 293753 1740
141338 141597 1295
985981 986200 438
741441 741872 1724
250772 251137 1095
62036 62052 48
2264 2733 469
236491 236827 672
49423 49766 343
718880 719304 1272
529140 529521 381
123751 124303 1104
850960 851000 120
238603 239095 1476
179815 180162 1041
389598 389790 192
293523 293566 129
427250 427356 318
916057 916542 970
200318 200549 693
550675 551046 742
418515 418588 146
496 720 896
109285 109438 306
558836 559349 1026
250722 250962 240
414738 414751 13
703452 703852 400
917048 917347 897
750666 751203 1611
75101 75192 182
595862 596022 800
592525 592867 1710
211324 211779 1820
113707 113807 400
820160 820573 2065
845601 845687 344
622113 622584 471
29877 29918 41
472055 472318 1052
477669 477963 1176
509833 509891 116
271032 271041 45
416836 417396 1120
127862 128019 471
224298 224385 174
662521 662612 455
223015 223177 486
26365 26707 342
412400 412678 278
351399 351583 736
317864 317974 550
928662 929041 758
813959 814413 908
580867 581445 1156
193462 193993 2655
244356 244380 96
604831 605171 1700
593961 594106 435
268493 269056 2815
182516 182861 1380
147047 147621 1722
911624 911749 500
580321 580741 1680
156484 156933 1347
935382 935433 51
529389 529955 1132
215723 216124 401
828649 828904 765
807121 807438 317
223382 223719 1685
14742 14751 36
730338 730633 295
217820 217937 468
392379 392698 319
105120 105675 2775
905674 906193 519
652123 652590 934
603270 603829 559
392602 392724 610
234548 234942 1576
968033 968439 1624
433325 433409 168
866485 866550 195
693113 693231 590
666048 666204 468
508043 508252 209
161005 161603 598
7159 7707 1096
716925 717324 1197
639386 639640 1270
950634 950889 255
590903 591041 690
117174 117304 390
194840 195440 3000
805565 806100 1070
985609 985614 15
375116 375402 286
727939 728439 1000
444099 444221 488
495244 495356 224
50376 50523 441
986457 986612 155
520904 521477 1146
203830 204048 436
285703 286137 868
658997 659260 1315
670251 670394 572
259104 259224 120
584250 584352 408
402759 403197 876
344953 345191 952
427079 427533 454
124581 124618 74
809744 810317 1719
42692 43136 888
817395 817864 938
713768 713797 29
903217 903765 2192
711774 711830 168
554165 554246 162
688385 688565 540
23307 23550 486
491321 491493 344
974996 975334 1690
459467 460024 2228
594781 595072 582
906977 907136 477
658192 658525 666
809485 809929 1332
287241 287369 128
864246 864498 756
908087 908176 445
484049 484502 1812
421248 421394 438
120919 121155 708
509122 509232 440
969639 969689 150
146153 146154 1
88591 88882 291
301967 302042 75
649884 649908 120
256044 256274 460
64129 64565 1744
931202 931660 458
242185 242400 215
377354 377588 936
825267 825564 1485
859740 859847 535
614679 615279 1800
508256 508601 1725
820430 820994 564
265674 266150 952
584869 585108 478
270062 270533 1413
739501 739889 388
365442 365629 374
13589 14029 880
41966 42185 1095
657378 657658 280
178652 178672 80
636834 637105 271
473711 473867 624
70334 70773 1317
124944 125443 499
478537 478765 228
954385 954875 2450
815128 815528 800
961655 961984 1645
683128 683314 372
55033 55196 326
161189 161654 1395
404181 404363 546
334345 334933 588
409906 409927 42
450005 450382 754
69480 69929 449
732500 733034 534
133638 133814 880
875657 875715 116
299588 300161 1146
898493 898700 621
844392 844554 810
334074 334461 1548
332137 332328 382
749117 749318 603
94896 95111 430
53467 53989 1566
656001 656169 168
330641 331141 1000
217376 217933 1114
889537 889854 317
836379 836825 1338
119181 119674 1972
860697 860873 704
890117 890695 1734
51686 51745 295
688636 688942 1224
731513 732042 1058
536835 537057 1110
702212 702283 284
685585 685667 164
912791 913053 1310
622809 622886 231
800833 800986 612
354208 354439 693
716116 716528 2060
97760 98348 588
613741 613919 890
356540 356676 544
581373 581427 162
251517 251817 1200
394592 395137 2725
352394 352436 126
390737 391276 539
250602 250726 620
636114 636347 1165
537648 537703 55
596376 596603 454
40681 40813 396
957350 957505 620
271871 272290 838
722378 722922 2176
837302 837666 364
166343 166858 2060
122027 122161 670
89767 89791 72
454424 454579 310
949736 949968 464
245050 245315 1060
69250 69288 190
286199 286737 1614
184761 185174 826
801252 801339 174
243783 244321 538
128511 128677 498
78282 78463 724
788496 788877 1524
579193 579550 357
692032 692507 1425
90931 91443 1536
50402 50644 484
9259 9848 2945
407181 407411 920
445253 445439 186
379563 379580 85
657030 657074 44
983258 983322 256
574134 574588 908
780692 781229 2148
997492 998044 2208
157864 158389 1050
280892 281251 718
583983 584218 705
190393 190765 1488
724379 724626 988
199758 200338 580
200344 200849 2020
917905 918005 500
755512 755999 1948
496691 497215 1048
128908 129169 1305
618254 618821 2835
192706 193095 1945
413607 413818 422
703989 704167 712
715006 715031 25
453576 454125 2745
793443 793470 54
648158 648598 2200
508926 508964 114
838999 839099 100
86375 86491 464
586788 586945 471
229009 229203 194
566121 566288 334
973960 974169 1045
406510 406724 642
704538 704850 936
414687 414830 572
194794 195300 1012
618737 618763 104
133677 133813 680
182973 183135 810
627957 628491 534
725439 725459 20
815134 815522 1164
160120 160610 1470
832707 833123 2080
632101 632573 944
19985 20037 52
485626 485929 606
141359 141807 1344
340369 340709 1700
414136 414180 44
623408 623665 257
506578 506665 261
297332 297345 52
463697 463776 237
98221 98739 1036
472863 473305 2210
646169 646547 378
431311 431352 123
244634 244837 406
830087 830515 856
953238 953576 338
253658 254230 572
367023 367550 527
520184 520558 1496
290089 290478 389
291740 292189 2245
979193 979528 1675
91970 92182 636
330969 331104 270
593510 593959 449
887424 887644 440
834634 835168 1602
131260 131310 50
459301 459662 1805
450168 450453 570
899799 900140 1705
50243 50565 322
506721 507097 1880
984491 984525 170
387008 387406 1592
206660 206950 1160
808577 809120 1086
371069 371427 358
458528 458792 1320
355949 356177 684
754976 755509 2132
796484 796534 250
630122 630713 591
787453 787564 111
887080 887099 76
692722 692737 75
165317 165441 124
685203 685665 2310
181837 182335 1992
897566 897865 1196
508743 509064 321
576419 576754 1005
674370 674640 810
293538 294023 970
168249 168315 198
658442 658941 1996
473628 473828 600
336215 336602 1548
809092 809123 93
228269 228747 1912
91693 91713 80
717705 717801 384
544486 544652 332
303670 304021 1404
277287 277767 960
81734 82093 1077
886895 887432 2685
450516 450689 519
408853 408935 328
926847 927189 1710
972013 972154 282
454424 454472 96
366494 366518 96
522279 522442 815
480444 480705 261
57093 57607 514
84799 85315 2580
146113 146188 300
811630 811744 114
314539 315131 1776
602984 603331 347
234512 234651 278
602351 602583 232
603467 603849 1146
412630 412937 1535
769531 770079 2740
264108 264293 740
748379 748866 974
697344 697522 890
161988 162387 399
479201 479546 1035
649612 649806 194
146872 147459 587
221026 221101 150
827782 827992 630
379825 380392 567
824296 824767 2355
639075 639601 2104
310639 310865 678
980294 980709 1660
641488 641524 36
355183 355486 1212
652537 652856 638
872996 873504 2540
960592 960610 36
528459 529032 2292
671496 671652 468
482691 482770 395
747571 747789 218
706842 707406 564
244860 245013 765
975375 975840 1860
42607 42757 450
832454 832515 183
400786 401081 590
761584 761605 63
398539 399124 1755
890172 890723 2755
194077 194119 84
680731 680887 468
649376 649503 254
142779 142865 172
303937 304193 512
146640 146985 345
965481 965601 240
531023 531590 2268
299455 299585 650
758748 758832 84
107992 108509 517
345474 345967 2465
812689 813040 702
61933 62445 1536
799288 799706 1254
968682 968977 590
655964 656287 323
719911 720159 1240
603749 603798 98
83168 83709 541
477139 477264 125
386337 386497 480
115421 115918 2485
588887 588934 141
460304 460881 1154
716430 716656 1130
364563 364963 1200
923144 923216 360
523633 524187 2770
466386 466955 1138
190349 190753 2020
434859 435435 2304
739533 739702 676
875320 875322 6
122884 123194 930
307401 307567 166
395396 395668 272
428706 429085 1895
10197 10258 305
914304 914758 908
462484 462616 132
842759 843062 303
172784 173377 2372
49104 49657 1106
314398 314601 203
38953 39027 370
386102 386443 1364
364733 364835 306
590545 590877 996
912693 913170 477
229743 230112 1476
318003 318414 1233
814988 815345 714
720648 721126 956
138022 138375 353
276080 276510 1290
405561 406068 2028
693230 693583 1412
83747 84281 2136
624616 624854 238
221455 221496 164
597736 598336 600
510858 511024 166
894586 895103 2068
325684 326090 812
7236 7675 2195
523350 523840 1960
673674 673910 708
73299 73623 1296
716766 716887 484
446602 446622 80
655002 655559 2785
214179 214208 87
835812 835825 65
653388 653771 1532
146507 146773 266
353791 354034 1215
514916 515152 1180
580209 580510 1505
549961 550050 267
270689 270962 273
814687 814710 23
923800 924311 1022
187334 187767 1299
966966 967297 331
502395 502795 400
89630 90178 2192
693233 693637 1212
524316 524700 1152
174326 174860 2136
7645 7752 535
338692 339283 1182
551521 551677 156
267980 268364 1536
392306 392498 384
950361 950494 532
228881 229145 528
766967 767248 1124
670510 670587 385
198714 198821 107
816979 817184 820
255229 255488 777
715954 716081 127
674858 675127 807
897440 898011 1142
268487 269078 2364
785620 785648 28
202074 202158 252
879261 879427 830
455402 455555 306
476316 476754 1752
916694 917131 1748
105673 105700 54
660047 660531 1452
416890 417371 1924
970658 971067 1227
774436 774569 266
744435 744789 1416
631744 632087 686
908059 908599 2700
338425 338932 1521
349042 349362 320
388397 388730 333
975153 975602 898
542882 543045 652
727144 727364 880
644442 644605 489
344079 344176 485
900171 900638 1401
604312 604601 1156
154508 154569 183
313122 313464 342
920081 920493 2060
347468 347696 684
730240 730792 2760
426816 426973 314
558613 558958 345
50754 51336 2328
614080 614526 1338
252122 252174 52
30214 30434 440
93882 94318 1308
776255 776719 464
114675 115169 494
18937 19270 333
757807 757854 141
887195 887552 1428
428911 428932 63
836501 836562 244
656653 656938 1140
24368 24561 193
473022 473093 71
28818 29335 2068
384233 384354 484
409507 409745 714
12638 13161 1046
903686 904017 993
439211 439741 2120
690241 690553 936
606858 607334 1428
323262 323430 840
550907 551343 2180
456202 456594 392
698987 699098 111
58587 58687 400
303808 304150 342
586045 586406 722
440978 441231 1012
774259 774405 146
374968 375455 974
956764 957234 470
253891 254117 452
69423 69559 680
605367 605819 452
414955 415144 756
458124 458717 1186
978934 979442 1016
336403 336848 890
675888 676327 1756
183333 183606 819
461409 461580 684
575733 575781 144
286494 286992 1494
605231 605775 1088
66764 66912 444
482417 482674 771
772282 772339 171
728378 728637 259
265924 266057 399
571725 571728 12
418325 418493 504
582475 582495 60
258794 258971 177
571959 572147 564
962842 963203 1805
332056 332436 1900
891345 891743 1194
451718 451974 768
353732 353994 262
672009 672012 3
253615 253839 896
179288 179428 280
636677 636924 988
127006 127078 216
271506 271949 2215
97608 98121 2052
85312 85514 1010
224925 225504 1158
798874 798974 300
216058 216092 68
395815 396306 982
728461 728545 252
62101 62297 196
949032 949084 260
598707 599173 2330
593131 593149 72
690693 691180 2435
537355 537654 598
997460 997814 1770
921256 921699 886
169899 170070 513
312827 313320 986
908518 908798 840
835250 835333 415
374825 375161 1344
59397 59458 244
550408 550631 1115
901898 902057 477
937540 937681 564
174143 174594 1804
956372 956389 17
533020 533233 1065
829029 829030 4
191145 191338 965
219465 219975 1530
304427 304988 1683
670008 670579 1713
769517 770049 532
429064 429290 226
403447 403899 1356
430720 430769 245
205810 205948 276
103538 103706 840
850948 851169 221
667715 667879 328
30589 31028 878
878545 879109 1128
352316 352675 718
784463 784796 666
964158 964477 957
427461 427820 718
393598 393904 1530
82970 83538 1704
85260 85805 2725
569793 570383 2950
116934 116968 68
115159 115756 597
805615 805991 1504
151447 151712 795
179997 180247 500
378432 378791 359
707732 708010 556
935623 936091 1404
631638 632113 950
140620 140727 107
831605 831795 760
658216 658587 1484
931809 932192 383
865454 865559 210
19537 19757 880
971131 971634 2012
764424 764956 1596
538735 538933 396
302664 302805 423
200605 201091 1458
513725 514158 1732
846431 846750 638
939501 939818 317
433803 434115 936
140000 140367 1101
332592 333173 2324
322362 322665 1515
811264 811607 1372
450650 450816 664
833138 833273 270
461963 461981 90
815694 815823 258
780823 780993 340
703714 703959 980
807279 807426 294
283594 283636 84
943144 943514 370
149666 150194 1584
357693 358123 430
515013 515143 520
295516 295837 1605
790665 791229 2256
657971 658281 620
1471 1930 1836
787 1140 1765
242308 242458 300
131383 131514 655
192958 193269 933
552598 553067 2345
645117 645437 320
995267 995288 84
600361 600579 436
991936 992467 2124
43535 43837 906
222754 223216 2310
410917 411215 298
634775 634886 222
371347 371456 109
335064 335385 1284
797168 797594 852
529682 529947 265
119806 120168 724
50170 50262 460
965748 966009 261
340448 340607 636
31546 31961 830
39010 39087 77
148961 149107 730
663144 663597 453
87135 87710 1725
739192 739493 903
683312 683360 96
583240 583507 801
417277 417368 182
224370 224552 728
828608 828717 218
637210 637731 2605
599982 600311 987
738501 738640 417
626050 626530 960
393894 394064 340
967644 968186 1084
635042 635636 1782
724573 725076 2515
123596 123935 1017
260141 260209 272
449958 450545 2935
509313 509564 753
770428 770552 372
693724 693884 640
806343 806774 862
187241 187606 730
685894 686338 1776
181272 181425 765
643730 643916 558
862987 863443 2280
126786 127062 552
559366 559750 768
640655 641205 2200
319719 319820 202
611105 611409 608
910748 911116 1840
279263 279639 1128
761211 761334 369
120733 121112 758
340051 340209 474
392353 392564 422
625211 625411 400
668481 668720 1195
535692 535835 715
188994 189201 414
817862 818068 412
614168 614575 407
187805 188340 1605
951070 951117 94
985690 985750 120
638417 638679 1048
915403 915814 2055
726223 726786 1689
301538 301945 1628
457881 458329 896
43738 44257 1557
336399 336665 798
357297 357674 1508
345704 345983 1395
824479 824979 500
184404 184610 618
54579 54653 296
707873 708410 2148
414408 414719 622
669073 669648 575
691761 692036 825
479445 480019 2296
762889 763364 950
654256 654773 517
705563 705919 712
496323 496498 175
253201 253735 534
203577 203939 1810
894744 895073 1316
849126 849515 389
166668 166777 436
518062 518213 151
272062 272208 146
261089 261152 252
312065 312437 1488
694340 694625 285
339401 339652 1004
87855 88302 2235
881373 881973 2400
607147 607627 960
951837 952354 2585
131619 132181 1686
644507 644610 515
6012 6307 1180
996076 996550 1422
274597 274995 1592
405530 406103 1719
303039 303492 906
115261 115615 354
600611 600941 990
901438 901485 94
71954 72069 460
902201 902365 164
921532 921616 336
216234 216586 1056
451154 451265 222
621023 621495 1888
450652 450775 123
396825 397197 1488
560002 560101 198
558972 559340 1104
55324 55502 890
768771 769186 1245
905349 905681 1328
909304 909404 400
960736 961309 1146
630196 630627 862
242988 243180 384
831078 831571 986
768741 769056 630
765066 765637 571
569820 570119 598
834438 834692 762
157449 157502 106
927198 927664 2330
968324 968640 948
432080 432630 1100
435412 435901 1956
149451 149945 2470
319733 320150 1668
780307 780556 747
676453 676974 521
341041 341584 2715
329205 329501 1480
724826 724949 369
265453 265880 1708
981018 981240 444
772563 772921 1790
172748 173093 1380
555711 555846 405
397233 397767 1068
350602 351075 946
505617 505699 82
686671 687212 1623
936334 936469 540
696859 697068 1045
345714 346105 1564
868195 868591 792
830774 831126 704
532303 532451 592
824125 824648 1046
567479 567862 1532
394760 395173 413
183851 184252 401
890221 890487 1064
859419 859946 1581
509547 509639 460
956736 957237 1002
830806 830970 656
699126 699715 589
730878 731237 1795
292272 292402 130
770698 770887 756
597457 597775 1272
895792 896171 1516
839529 839672 429
118639 119235 1192
150181 150330 447
600565 600585 100
578175 578495 1600
910078 910359 843
541349 541370 84
271885 272007 488
799457 799749 292
320395 320754 1077
475799 476015 1080
475284 475674 1560
159552 159977 2125
515470 515814 688
355656 355692 108
97714 97961 741
957809 958167 1432
897557 897633 304
826402 826740 1352
56807 57054 988
450565 450584 38
18578 18866 288
443369 443863 494
383677 383863 930
376997 377278 281
845722 846186 1392
207846 208380 534
480012 480224 636
329994 330314 1280
272107 272407 1500
909292 909473 724
590598 590952 1062
444040 444256 432
718738 718741 3
697405 697803 1194
903480 903621 705
262651 263020 1845
815700 815832 528
869079 869169 450
992002 992230 684
290225 290533 1540
68724 68976 504
13096 13567 471
658799 659295 992
495354 495716 362
44779 45169 1950
396780 396877 291
798782 799109 1308
868941 869115 174
369265 369696 431
792965 793410 890
404527 404760 932
752406 752532 630
675661 676051 1170
769673 769838 825
228300 228658 358
672921 673447 526
857568 857946 756
15253 15848 1190
974144 974554 1640
240080 240472 392
556360 556848 1952
468965 469002 185
610702 610813 555
91247 91256 27
244516 244537 105
529862 529903 82
782045 782460 2075
532675 533100 2125
86678 86896 654
995224 995335 444
25395 25815 840
582245 582275 30
280863 281114 502
157112 157262 750
654874 655180 1224
230028 230489 1383
211383 211748 365
654 1029 1500
829555 830092 1611
502264 502742 1434
597296 597578 564
334035 334054 57
663104 663539 1305
75723 76274 1102
800759 800898 139
467637 467976 1695
19430 19663 699
163979 164134 775
239954 240335 762
152913 153002 89
599910 600036 630
307099 307346 741
124809 125389 2320
640131 640471 340
127818 128336 1036
162324 162809 1455
428291 428449 632
468119 468257 138
387680 387932 252
451148 451216 204
7042 7616 1148
842909 843106 394
617670 617794 124
894846 894926 400
12882 12933 204
454540 454656 116
17434 17887 1812
756382 756530 740
716027 716624 1194
636778 637289 2044
895313 895323 40
992516 992912 1584
126313 126752 878
942134 942527 1179
106892 107428 1608
433790 433913 123
428699 429001 906
10481 10496 60
243060 243279 438
807825 808390 1130
320956 321242 572
880822 881207 385
864116 864642 2104
381588 381896 308
583197 583281 84
654363 654410 47
312489 312923 434
320827 321111 1136
579247 579698 902
298161 298744 583
894381 894511 130
800397 800877 1440
548290 548488 990
144173 144520 694
979872 979911 78
561601 561619 36
472525 473062 537
249514 249596 164
913147 913673 526
412233 412719 486
500343 500787 444
741240 741326 344
343479 343980 2004
65506 66036 530
374820 375096 552
637135 637422 1148
576273 576514 964
684690 685223 533
588050 588493 443
391022 391227 820
850344 850356 24
242516 242648 660
731341 731693 352
741085 741298 426
73888 74351 926
610519 610729 1050
697882 698118 236
215331 215500 845
850812 851224 824
480879 481042 815
479614 479893 837
663354 663866 512
126230 126474 244
436286 436361 150
310983 311369 772
876297 876830 2665
573675 573820 725
509263 509835 1144
262550 263125 2300
945670 946158 1464
661010 661278 804
43250 43463 1065
875891 876060 845
470709 471061 352
591040 591259 438
787978 788420 442
444078 444151 219
61462 62042 1740
105685 105774 356
19878 20235 1785
879550 879590 40
921169 921731 1124
41210 41679 1407
299775 300291 2580
771849 772169 1600
156394 156991 1791
833926 834014 88
579822 580040 1090
741172 741551 1137
37307 37802 1980
692612 692979 367
24446 24637 382
814624 814683 295
715618 716077 1836
130890 131136 738
752894 753369 475
922371 922820 1796
230112 230624 1536
708313 708681 368
414163 414507 1720
603578 604039 1844
514794 515166 1860
289062 289533 1413
573643 574058 830
622386 622875 489
881642 882029 1161
167742 168297 1110
128308 128838 1060
589049 589428 758
812592 812838 492
129008 129165 785
436408 436794 1158
320589 320815 904
914609 915045 1744
91832 91933 202
975474 975724 750
50006 50271 795
534308 534667 359
647772 648027 765
446007 446132 625
262755 262980 225
855855 856012 314
549348 549563 215
709295 709474 716
723678 724034 356
55177 55688 1022
88340 88650 930
741282 741497 645
192965 193352 1161
737015 737171 624
316209 316222 26
558794 558839 135
147649 148154 1515
77245 77805 2800
799283 799627 1720
546390 546956 1132
829563 829985 2110
706226 706434 832
620907 621130 446
695492 695968 2380
633102 633325 446
67227 67826 1797
683280 683639 1077
896696 896952 1280
242816 243221 1620
489786 490033 494
281850 282112 786
392211 392797 2930
601532 602052 1040
924241 924310 138
175473 175734 1044
952398 952874 952
831535 831566 31
600591 601117 1578
246089 246437 1044
159912 160040 640
779543 779835 584
82656 83148 492
64817 65034 217
890552 890708 156
610117 610359 726
709719 709938 219
515343 515471 256
178233 178274 164
59465 59741 828
79377 79553 176
656563 657118 2220
301430 302002 2288
434978 435475 994
654039 654204 495
131327 131474 735
335786 336276 2450
815636 815998 1810
521075 521642 2268
924697 924826 387
607148 607585 1311
553139 553428 1445
95650 95739 445
748477 748709 1160
415310 415377 268
265294 265731 437
646432 646858 1704
861146 861374 912
73058 73555 2485
287260 287335 300
766363 766485 122
237073 237114 41
354033 354116 249
683513 683678 660
34168 34270 204
486050 486445 1975
1034 1070 180
660522 660776 254
997092 997122 150
755074 755389 945
871519 871994 2375
236793 236968 875
792424 792450 130
593883 594215 1328
237655 238208 1659
139303 139461 474
467244 467403 795
151238 151508 540
560004 560191 187
931808 931998 380
465690 466136 446
421236 421402 498
138583 138857 274
851417 851440 23
12161 12669 1524
492379 492852 473
741879 742034 465
526820 527306 972
657157 657376 219
974606 974756 600
177797 177979 728
989878 990003 625
360260 360670 1230
515311 515371 180
27116 27322 206
32940 33084 144
922499 922536 185
806566 806939 1865
43399 43555 312
178697 179063 1830
525918 526092 696
125684 126041 1071
35179 35557 1890
126185 126189 20
928867 929145 556
807893 807980 348
335457 336026 2276
22474 22796 966
499625 499723 294
596216 596347 524
289636 289755 357
98305 98435 260
929232 929561 1316
628642 628832 190
38397 38746 1047
213672 214102 1290
70749 71216 467
355001 355316 630
696923 696974 153
439597 440013 832
537801 538165 1456
661741 661992 1255
691468 691852 1536
992340 992516 528
643159 643350 764
840323 840518 975
710647 710977 1320
681320 681391 284
333048 333543 1980
932312 932814 502
411803 412167 1456
605168 605745 1731
882942 883510 568
832538 832809 271
823844 824017 865
556662 557105 886
452459 452554 380
764605 765046 1323
70716 71197 481
973541 973982 1764
396238 396698 2300
310061 310265 816
188836 189233 1191
690576 690740 164
77963 78380 1668
672355 672809 2270
84953 85391 1314
193852 193994 710
150476 150564 176
247795 248021 904
98823 99165 1710
631966 632233 801
854251 854565 1256
524289 524778 2445
614587 614677 90
526504 526812 1232
422173 422685 1024
163189 163501 1248
170541 170830 1445
785174 785685 511
34913 35230 317
814191 814680 978
179107 179355 248
922460 922991 2655
11358 11944 2930
727503 727658 155
477104 477214 220
557819 558321 1506
504972 505029 114
80457 80789 332
45013 45343 1320
940581 941072 1473
474704 475130 1704
393055 393127 144
144289 144662 1865
922956 923533 2308
328426 328462 72
934198 934529 662
742827 743340 1539
42181 42252 213
468748 469019 1355
166883 167240 1428
735074 735399 1300
306000 306261 1305
831787 832366 579
156479 156717 714
884240 884390 300
925518 925680 486
861083 861631 2192
319268 319590 1610
875189 875444 1275
291759 291936 708
825566 825630 64
290234 290721 974
349543 349585 126
342203 342561 358
578976 579354 1512
232124 232252 128
519167 519697 2650
621310 621598 864
709151 709598 1788
340144 340164 60
27347 27669 1288
304671 305248 2885
195790 195826 72
143232 143456 896
867355 867461 212
718253 718384 393
446007 446212 615
354479 354700 442
226129 226439 1550
270727 270859 132
875273 875733 2300
366086 366162 304
262091 262166 300
501046 501238 960
569172 569226 162
996136 996175 117
994433 994848 830
954054 954548 2470
458813 458947 134
868960 869546 1758
563833 564004 684
591214 591518 912
318365 318960 2380
865769 866322 553
752842 753137 1475
938419 938686 534
361416 361779 1452
658304 658843 1078
952135 952533 398
23326 23573 741
648416 648726 1240
662477 662999 1044
572217 572622 1620
261666 262147 481
330679 330856 531
350002 350264 262
793984 794133 596
984846 985125 1116
250061 250411 1050
266388 266858 2350
793008 793437 2145
909000 909495 2475
657744 658298 2770
974981 975353 1860
758039 758173 670
876003 876169 498
982337 982888 1653
966459 966611 608
124198 124429 693
547437 547562 500
100454 100883 1287
361331 361557 678
667454 667756 604
943775 944037 262
880479 880994 2575
345910 345931 42
469305 469872 1134
78789 78920 524
923287 923442 155
822047 822436 1167
765414 765470 280
141373 141829 2280
695999 696127 128
755417 755720 303
267231 267717 1944
614367 614684 634
252333 252475 710
385617 385873 768
557361 557681 1280
856378 856921 2715
378841 379320 2395
156138 156277 695
946249 946848 2396
625665 626228 1689
682399 682729 330
862313 862486 692
68445 68836 782
87243 87468 675
928705 928992 1435
65910 65929 57
541732 541984 1008
267443 267503 60
68936 68974 38
39524 39962 1314
337292 337302 30
467599 468104 505
726377 726465 352
459909 460412 2012
894554 894826 1360
148551 148694 715
814459 815009 2200
671181 671622 2205
934455 934847 1176
4266 4509 972
413031 413296 1325
459334 459811 1908
379807 380374 1134
148928 148970 210
147872 148151 279
764909 765032 123
332496 332751 510
144094 144245 151
996946 997098 456
567525 567743 654
51128 51644 1548
506749 507083 1336
691497 691566 345
121936 121992 112
554469 554993 1572
42920 43148 684
90658 90927 269
886727 887205 2390
674219 674432 213
632314 632431 117
869281 869566 1140
766916 766945 145
350613 350883 540
660513 660570 114
325471 325839 368
286968 287297 987
53774 53865 364
421131 421610 479
468691 469106 1245
561323 561394 213
292267 292385 354
179558 179771 639
533138 533521 1532
100607 101143 536
27050 27077 108
659895 659997 102
895288 895777 2445
34663 35029 366
914330 914780 900
288746 288810 256
719830 719993 163
107417 107594 531
197212 197742 530
204590 205149 1677
17459 17460 1
985367 985930 2252
414317 414749 1296
31087 31683 596
619491 619959 1404
103074 103673 599
873061 873062 5
817100 817466 1098
234009 234329 320
436274 436321 235
395166 395262 96
515526 515528 6
714066 714488 2110
153094 153242 740
82683 82727 220
470073 470273 200
970782 971024 1210
449288 449379 455
574323 574400 308
956704 957173 1876
726366 726582 864
587974 588169 780
638125 638313 564
524080 524299 219
977121 977470 349
499030 499126 288
387354 387791 1748
226779 227003 1120
784819 784974 155
180499 180528 29
469232 469354 122
135185 135462 277
768949 769539 1770
321825 322068 1215
856731 856847 580
869675 870154 958
422006 422599 1779
465855 466442 2935
616203 616510 614
928237 928255 54
682955 683273 1272
576103 576109 24
356800 356823 115
599781 600227 1784
180750 181279 1587
737902 737964 124
257755 258225 2350
418826 419098 816
919192 919613 2105
434061 434632 2284
339937 340435 996
778697 778743 138
499671 499705 68
584432 584777 1380
655879 656244 1460
635603 636078 475
410534 411047 2052
346612 347122 1020
379028 379615 2935
403672 404267 1785
334332 334421 178
421738 421920 910
878937 878957 60
210172 210545 1865
881384 881547 326
884399 884639 240
328618 328684 264
487211 487528 1585
655653 656189 1072
650222 650774 2760
947274 947440 664
554064 554652 1764
723918 724108 570
332041 332589 2740
223217 223363 146
757707 757801 376
974032 974093 122
802600 802822 222
282039 282090 153
180070 180614 1632
241568 241866 298
136652 136934 1410
919360 919746 1158
798409 798547 276
846651 847033 764
67354 67869 1545
649785 650109 1620
781343 781944 601
665302 665534 928
63172 63179 28
563587 564129 1084
89357 89437 400
678873 679359 1458
941040 941136 192
649039 649044 20
567598 568116 2590
363099 363317 654
758692 759090 796
282102 282309 207
19030 19464 434
522313 522879 566
443255 443464 627
543779 543987 208
943491 943744 253
132543 132886 1715
136046 136111 260
997210 997753 1086
143468 143521 106
23707 23986 1395
231506 231588 164
176079 176358 1116
754447 754787 340
48995 49429 434
990464 990825 1805
165296 165466 510
52617 52737 480
713468 713777 618
790863 790879 64
623331 623334 3
70221 70363 568
420993 421250 1028
479987 480550 1689
761002 761133 393
282444 283038 1188
977093 977569 1904
118077 118566 2445
560621 560767 438
553738 553846 216
782490 782815 975
857488 857997 2036
155097 155109 24
809450 809563 113
423838 424112 548
763260 763764 1512
995332 995526 970
271866 272256 780
140954 141453 1996
335939 336360 842
581567 581766 597
709894 710235 1705
531918 532381 463
929985 930277 1460
473374 473595 884
8188 8390 202
820323 820813 1960
409878 410180 906
37883 38063 720
763174 763572 1990
44770 44886 348
156222 156650 2140
109198 109537 1017
766288 766578 1450
518538 518883 345
430256 430614 358
212295 212755 1380
854231 854396 660
379532 379729 591
27840 28117 1385
139047 139535 976
53637 53856 219
633707 633790 415
283887 283980 186
792429 792969 1080
679409 680001 1776
480491 480777 1430
823313 823497 368
563154 563523 1476
326198 326455 257
647535 647656 242
459249 459474 675
724902 725081 358
489071 489433 1810
269312 269771 1377
111790 111931 564
826513 826900 1935
276631 276998 1835
895203 895364 644
848459 848875 1664
161442 161574 132
282162 282420 774
293249 293322 365
86075 86153 390
249618 250125 2028
87225 87794 1707
918343 918718 750
59928 60039 222
333738 333835 194
10185 10373 564
489968 490105 274
48417 48781 1456
747351 747731 760
857516 857933 2085
886871 887426 555
157150 157685 535
590774 591197 2115
542986 543422 2180
796294 796708 2070
42173 42401 228
32753 33111 358
533289 533372 83
581812 582126 1570
234016 234160 576
524110 524439 658
874737 874992 765
316888 316962 370
986579 986790 211
690337 690711 1870
152364 152858 494
727194 727712 2590
222107 222435 1640
63363 63392 116
246657 246919 262
17930 18115 370
948475 948806 993
664163 664369 824
689863 690266 1209
525585 525883 298
336380 336865 2425
568855 569050 975
255244 255397 612
515108 515272 328
303748 303884 408
945250 945625 750
46436 46829 1179
830018 830147 516
101044 101342 298
123736 123917 181
864707 864808 101
224908 225153 490
246619 247187 1704
70422 70726 912
983301 983741 1320
702171 702233 62
279772 280020 1240
54223 54287 192
656434 656810 1880
582267 582404 137
200723 201316 1779
681007 681300 586
445725 446237 2560
453581 453946 1095
107148 107690 1084
545402 545608 618
649161 649207 184
626870 627003 532
445998 446456 458
655328 655827 1497
650345 650776 1293
729992 730120 384
858195 858669 948
492056 492332 1104
59133 59682 549
198448 198954 1518
981919 982159 480
284885 285365 960
773145 773324 179
311564 312138 1722
360335 360759 424
207197 207562 1460
665976 666009 165
267131 267399 1072
492183 492563 1140
477711 478103 1568
541764 541793 116
845470 845613 572
134634 134735 101
863527 864124 1791
721285 721499 428
256604 257077 1419
967768 967812 220
327327 327770 1772
638717 638949 696
226057 226227 510
447328 447366 152
529278 529817 2156
346140 346187 47
743910 744260 350
184612 184820 208
927133 927578 1780
372188 372604 832
533767 534006 956
851558 851590 64
418636 419199 2252
167548 167632 420
947798 948353 2220
930599 931111 2048
694949 695083 402
878084 878552 2340
162971 163391 2100
391512 391860 1392
22204 22349 580
198886 199082 392
954706 954958 756
153005 153225 220
212264 212630 366
995063 995096 165
577859 577984 625
324681 325198 1034
6108 6173 130
90549 91095 1092
194234 194727 493
969705 970018 313
301606 301618 24
707941 708432 491
855291 855709 836
895462 895793 993
730204 730448 1220
645611 646108 497
111061 111170 436
211708 212190 482
470722 471078 356
981309 981840 531
163464 163852 776
396667 397002 1005
698243 698308 195
69699 69875 528
318330 318426 192
215362 215936 1722
639252 639418 166
151573 151973 400
244057 244516 459
359319 359454 540
968169 968336 835
492897 492907 30
928699 929124 850
557480 557630 750
701878 702424 1092
131967 132253 286
270164 270589 850
664850 665055 615
448887 449420 2132
829128 829532 808
220301 220776 475
806834 807009 525
264493 264863 1480
84872 85464 2368
899886 900379 2465
632752 633146 1576
172625 173165 540
174386 174664 278
508532 508757 225
325916 326327 1644
776066 776458 1176
44383 44594 633
241114 241133 19
213759 214325 1132
249791 250045 1270
376046 376129 415
79920 80159 956
644821 644825 16
107063 107660 1194
918248 918262 42
294398 294935 2148
627243 627596 353
2747 3336 589
846225 846543 1272
441524 441816 1168
208468 208494 52
121736 121739 12
181298 181885 2348
979668 979716 96
548143 548289 438
245857 246212 355
471783 472016 932
890237 890745 1016
939841 939856 45
320102 320371 1345
562794 563044 1000
49519 49733 642
663371 663902 2655
530001 530166 495
650572 651141 2845
209385 209771 772
184228 184641 826
696810 697247 1311
422066 422323 1028
716434 716997 1689
433564 434102 538
474934 475377 2215
980025 980042 51
977931 978064 532
599745 600143 1194
786746 787267 2605
829415 829824 818
424322 424664 1026
823273 823704 2155
12219 12621 1608
535551 535917 1464
788996 789037 123
25283 25332 245
230713 230923 210
468387 468772 770
509579 509859 1400
811175 811671 992
960040 960098 290
81357 81450 465
841843 842137 882
578350 578947 1194
449299 449868 1138
574903 575406 1509
519830 519936 424
772450 772493 215
640627 640903 1380
554081 554212 524
885021 885321 600
581200 581488 1152
266050 266620 1140
565625 565644 95
722688 723240 1656
886865 886936 355
199796 200233 437
889649 889874 225
368843 368941 392
719813 720120 307
995626 996000 1496
830319 830564 1225
354272 354508 1180
674436 674664 912
243254 243553 1196
415274 415285 22
503015 503020 25
708399 708922 2615
915747 916227 960
69735 69754 57
494043 494600 557
52444 52832 1940
184102 184512 1640
684099 684418 1276
717439 717967 528
61316 61386 210
432814 432815 5
225156 225180 72
892892 893279 1935
666184 666748 2820
705590 706024 1736
94018 94540 2610
647230 647637 407
563131 563714 1749
398106 398406 1200
771688 772210 2088
166509 166813 304
608393 608809 832
730359 730597 714
883549 884049 1000
616938 617178 720
345107 345688 2324
887755 887971 1080
361955 362547 2368
478881 479252 1855
773682 773799 351
318552 318769 434
329653 329712 177
16326 16339 26
947817 947996 895
315074 315585 1533
491266 491383 585
464537 465131 2376
644731 644768 74
672158 672194 72
182631 183133 1506
902151 902484 1665
207944 208050 530
721857 722310 1359
587293 587438 290
404654 405117 926
507435 507442 28
220853 220983 650
921743 921947 1020
475271 475593 644
50025 50112 261
13954 14211 771
54198 54596 1194
375838 376065 227
919166 919644 1434
796061 796196 405
591715 592243 1056
266135 266162 27
886041 886620 1737
818040 818602 2248
235539 235915 1128
639951 639984 165
364782 365337 555
552703 552906 1015
292341 292432 273
366785 367066 1124
341994 342140 146
980207 980467 1040
845615 845961 692
348185 348779 594
611067 611456 1945
886372 886939 2835
359751 360162 822
605078 605359 562
749767 749943 176
125286 125579 1172
128594 129131 1611
207228 207314 344
822888 823209 642
467677 467950 546
757031 757520 489
629635 630189 1108
301663 301931 1340
507267 507648 1143
547889 548407 518
465768 465821 53
204655 204908 1265
877682 877915 233
405419 405440 42
803669 803676 28
107293 107421 256
282938 283406 936
585116 585694 2890
492182 492263 405
889549 890128 2895
255287 255304 17
750856 751025 169
44989 45152 815
922794 923086 1168
82375 82705 1320
145936 146145 627
520313 520879 566
150713 150775 310
510870 510945 75
78672 78851 895
388297 388411 570
152919 153017 490
262396 262546 750
298193 298249 56
71830 72426 1192
310321 310511 760
453304 453440 272
619153 619300 294
981950 982461 511
672102 672372 810
559563 559931 736
73542 73895 706
549723 549832 545
290748 291275 1054
246146 246569 2115
280127 280520 1179
969958 969973 60
15644 15679 175
991125 991400 275
772218 772605 1935
792741 792815 222
79648 80171 2615
16689 17190 1002
312802 313159 357
932867 933150 849
922952 923305 1412
991205 991285 240
331203 331607 808
301277 301328 255
611335 611528 193
216410 216866 912
704831 705424 1779
445563 445811 744
831926 832254 1312
179396 179723 654
2292 2320 84
634166 634495 1316
374122 374718 596
464259 464821 562
189623 189943 1600
35192 35201 9
250565 251069 1512
894754 895343 589
344315 344674 718
942999 943146 735
73422 73656 702
471344 471689 1035
469320 469732 412
419373 419679 1530
349949 350208 777
487976 488112 544
387719 387734 15
95942 96328 1544
185039 185054 15
510546 510966 840
292161 292751 1770
497053 497551 498
808300 808436 408
265032 265094 62
158798 158999 603
688700 688959 1036
108136 108364 912
226549 227042 1972
880436 880629 193
869655 870219 1692
464512 464928 416
746838 747235 1985
99764 100059 885
654788 655162 748
789954 790239 285
254386 254489 515
690836 691200 728
321154 321635 962
845589 846102 513
395355 395501 146
355787 355876 445
73660 74198 2690
734020 734266 246
411216 411675 459
918549 918801 1260
965889 966021 660
210964 211242 834
876546 876842 1184
990916 991003 261
464499 464900 802
109599 109641 84
342188 342492 608
455957 456236 837
779926 780388 924
544036 544287 502
379848 380159 622
730282 730495 213
190982 191148 332
632848 633069 663
836205 836545 340
301731 302151 1680
675293 675589 1480
678178 678293 345
817824 817913 356
680078 680491 1652
111338 111358 100
992926 993323 1588
819258 819593 1005
221204 221436 928
60627 61086 2295
783576 783644 204
200862 201277 1245
59586 59776 760
676078 676650 572
479667 479763 96
81594 81862 536
527726 528078 704
315199 315340 141
245725 246052 1635
189095 189590 495
605038 605334 1480
208696 209206 1020
736326 736852 1052
807799 807830 155
310592 310895 1515
268433 268741 616
68485 68670 370
796815 796844 145
572773 573360 587
538040 538371 1655
520162 520741 579
460204 460290 172
182841 183045 408
672214 672624 410
588565 588961 396
5400 5632 232
34327 34833 1012
40170 40664 1482
503623 503816 193
264876 264992 464
953602 953908 306
7380 7509 129
342024 342302 556
760542 760866 1296
663744 663930 744
283807 284270 2315
974899 975364 930
221622 221651 58
844832 845303 1413
611658 611883 1125
501773 501854 81
464941 465180 1195
342572 342760 752
135538 135609 355
78956 79347 1955
253622 253979 714
453856 454311 2275
814623 814819 588
296317 296874 2228
401679 401984 610
343296 343717 1684
699735 699876 282
312859 313458 1797
188437 188682 735
659325 659601 1104
409192 409350 790
930443 930677 468
545941 546521 2900
410817 411208 1955
797399 797885 1944
957743 958216 946
535149 535716 1701
739661 739934 819
145018 145515 994
873818 874199 381
887051 887323 1088
290022 290068 230
582351 582368 85
827628 828040 1236
388523 389084 2805
274068 274423 355
335826 335924 490
344072 344416 1720
220765 221160 395
158791 159170 1137
804455 805033 2312
307281 307727 1784
264789 265010 442
919129 919222 372
432827 433377 1650
823521 823625 416
200044 200096 260
192917 192951 102
387222 387342 240
682906 683083 177
198887 199444 2785
135251 135664 826
677218 677647 1287
53055 53524 469
644449 645020 2855
535365 535373 16
480095 480688 2372
321404 321896 492
236358 236680 644
907386 907656 540
688242 688297 165
477030 477236 824
684839 685343 1008
588590 588964 374
909754 910026 1088
369971 370397 1704
38649 38874 225
385716 386075 359
486342 486929 2348
142553 143090 2685
549686 549793 321
29727 30050 1615
740617 740729 112
826017 826280 1315
416560 416684 372
945658 946187 2116
759535 760000 930
126634 127048 1656
484266 484735 938
492416 492789 1865
451671 451977 1530
638582 639113 2655
649547 649633 172
232143 232485 684
204556 204910 1062
996493 996848 1065
634255 634673 418
274448 274905 1828
849492 849523 93
294669 295162 1479
596253 596565 936
285685 285717 32
245636 246057 421
746699 746972 1365
82715 83155 1320
107648 108017 369
134466 135062 596
386489 386801 1248
779772 780034 524
867377 867945 568
165931 166377 2230
90321 90389 68
928007 928357 700
112263 112838 1725
718461 718560 495
35021 35147 504
952172 952607 1305
68982 69252 540
625383 625556 346
333206 333350 720
184736 185189 1359
836050 836224 870
663481 663934 1812
775399 775825 852
571839 572411 572
356199 356512 626
127273 127825 552
297754 297823 345
248670 249219 1098
953437 953863 426
862112 862155 43
516222 516814 592
335085 335640 1110
743693 744253 2240
122357 122479 610
244876 244982 318
395739 396052 1565
220571 220664 465
75234 75362 128
959998 960465 467
709721 710002 281
627456 627680 1120
712009 712483 2370
936993 937075 246
139461 140049 1176
410642 411135 1479
725035 725357 322
765296 765300 4
893530 893642 224
763336 763597 783
660963 661257 1176
483113 483386 819
114137 114435 298
220296 220534 714
125102 125327 1125
514916 515202 1430
619591 619749 790
763918 763993 375
861244 861725 962
732727 733176 449
214319 214862 2172
107296 107744 1344
35496 35604 432
807394 807684 1160
644706 645302 2980
846990 847212 888
568466 568712 738
282953 283205 504
844967 844990 92
19024 19476 452
727665 727733 272
94595 94991 396
818333 818506 865
2577 2783 206
477550 478067 1551
873052 873477 1275
212466 212647 905
211135 211705 1710
776000 776356 1068
141770 141961 191
416434 417003 1707
491882 491931 49
507336 507659 969
949965 950396 1293
932763 932952 567
904656 905253 1194
613048 613249 603
226263 226336 219
419051 419105 54
441668 442063 395
148088 148510 1688
974097 974532 435
698101 698554 906
40444 40745 301
431141 431707 2830
972604 972647 215
563524 563543 95
760378 760797 1257
319506 319517 44
302361 302685 648
926072 926076 16
79741 79875 268
814977 815213 944
842991 843398 2035
928473 928830 1071
866219 866352 665
184783 185244 1383
402731 403126 790
504085 504577 1968
529714 530310 2980
333190 333379 945
20649 20940 582
480635 480711 152
45748 46178 430
95640 96216 2880
950911 951154 1215
403780 404186 2030
880086 880587 2505
828119 828574 910
621288 621325 111
460844 461247 403
755246 755426 360
672276 672624 348
26632 27019 774
611685 611760 225
303016 303204 376
18975 19410 1305
588001 588372 742
570477 570999 1044
403138 403581 1772
343251 343843 2368
688128 688132 4
684397 684995 2990
782727 782860 665
277877 278132 1275
778060 778269 836
14273 14476 406
181576 182134 1674
564446 564848 1608
342103 342587 484
953564 954096 2660
956235 956785 550
604912 605270 1074
422 841 1676
93651 93737 172
941214 941527 1565
786452 786958 2024
746835 747323 2440
643561 644013 1356
947794 948184 1950
760300 760881 2324
808770 809282 2048
195953 196467 514
930046 930392 346
895960 896012 208
53318 53468 450
41558 41762 408
918530 919104 1148
236389 236965 1152
402111 402616 1010
219456 219939 1449
227915 228105 380
550942 551377 1305
687199 687458 777
383261 383595 334
445690 445840 150
401295 401571 1104
704934 704937 12
711404 711856 1356
446488 446734 1230
165212 165390 534
586946 586974 140
498680 499252 1716
970775 971174 1596
407556 408067 511
321463 321984 2605
323857 324201 1376
545369 545814 1780
921900 922234 1002
210688 211108 420
605217 605478 1044
543733 543951 436
608127 608404 554
137890 138161 271
389022 389031 36
489309 489742 866
805363 805922 2795
137975 138342 1835
164455 164802 694
537243 537684 1764
583889 584051 810
263329 263589 1300
873308 873712 808
723587 724176 2945
250007 250306 1495
336692 337112 1260
438010 438351 341
334979 335036 285
516538 517016 956
635623 636150 1581
848063 848180 351
56569 57167 598
509029 509172 429
954505 954574 138
218121 218608 1948
948305 948728 846
7456 7958 1004
28762 28846 420
678675 679228 1106
757507 757750 243
733907 734274 1468
859390 859692 1208
511889 512458 569
758622 758987 1460
784374 784960 2930
71285 71514 458
400897 401282 385
82239 82393 616
295174 295450 552
526176 526202 26
167550 167907 1785
297037 297291 1016
705797 706217 1260
518776 519053 277
161620 161858 714
942727 943318 1182
389779 390152 746
4419 4680 1044
867074 867505 862
589199 589346 294
555760 556242 482
245681 245979 1192
201576 202055 958
943222 943530 1232
707023 707526 2515
690524 690828 1520
708334 708349 60
360436 360701 795
246695 246928 699
44517 44851 668
256963 257224 261
647996 648502 506
389750 390201 2255
740276 740664 388
631092 631288 392
145371 145475 416
161896 162001 315
84281 84859 2890
451408 451515 107
776395 776986 591
537445 537975 1060
404865 404949 420
211869 212300 862
207492 207694 404
386080 386526 1784
565730 566100 370
222309 222457 444
435381 435581 400
402951 403339 388
173603 173765 486
950015 950541 1578
85847 85891 220
162321 162817 496
74918 75285 1468
262450 262755 610
653780 653903 369
49311 49330 76
859115 859139 120
52842 52947 105
365956 366543 2935
203945 203959 42
674033 674174 282
335601 336106 2525
401949 402291 342
506577 506616 78
152139 152159 60
752835 753329 2470
632589 632757 672
250512 251034 1044
408006 408126 240
996754 996991 237
193814 194343 2116
173231 173588 1071
627923 628054 524
175977 176194 217
391850 392028 356
702151 702191 40
29742 29766 48
606438 606876 1314
686825 686972 588
5236 5528 292
421408 421879 942
80051 80440 1945
747822 748285 1852
482851 483296 1335
431367 431439 288
187783 187908 500
371776 372132 1424
467999 468274 275
983532 983792 520
942048 942108 300
689754 689837 415
531629 531663 136
655790 655889 396
699085 699104 19
983314 983419 525
692794 693324 2120
898438 898723 1425
355066 355557 1964
947519 947679 640
163041 163453 824
961925 962394 2345
290608 290768 800
479790 480375 2925
437487 437589 510
44066 44246 360
243539 244024 1455
156569 156633 128
681967 682139 516
781252 781694 442
287857 287944 87
745708 746269 2244
35940 36410 1410
539836 540038 606
930590 930592 10
949791 949943 456
394135 394250 345
457762 457962 1000
900709 901217 2032
440840 441178 1690
123194 123534 680
542085 542242 157
112495 113019 1572
446829 447234 1620
113675 114193 2072
598166 598336 680
755537 756098 561
758389 758615 1130
842811 842906 285
408099 408352 759
531722 531897 175
469886 470458 1144
793452 793848 792
546251 546430 716
351861 352356 495
429523 429531 8
521570 522146 2880
563340 563440 500
15441 15992 1653
731687 732288 1803
60629 61184 1665
479921 479972 204
912674 912745 355
667430 667886 2280
544884 545323 1756
611351 611726 375
283179 283314 135
465918 465974 56
184120 184542 422
857880 858279 1596
539502 539717 860
223162 223189 135
672586 672992 812
271630 271951 642
754715 754977 786
212095 212374 558
634972 635422 1350
972114 972207 93
755853 755867 56
707963 708545 2328
95544 95611 335
586716 587155 878
805390 805730 680
388761 388803 126
582440 582785 345
284291 284654 363
916305 916788 2415
250167 250247 240
759924 760046 366
577065 577497 2160
596360 596669 1236
304150 304518 736
184733 185109 376
802564 802814 1250
96643 97047 1212
170536 170678 284
757397 757719 644
186900 187089 378
692592 692767 700
139994 140128 268
776280 776573 1172
919137 919209 144
390240 390773 533
321774 322367 2965
988138 988714 1728
850292 850505 213
870919 871187 536
394742 394812 210
487803 487886 415
654004 654100 288
431086 431378 584
427753 428074 963
506587 506859 272
454668 454935 1068
964053 964535 1446
60804 60870 198
135307 135376 276
822138 822678 540
807444 807808 728
679159 679422 1315
782166 782621 455
136299 136512 1065
61202 61574 1116
560575 560800 675
497681 497733 208
885622 885834 424
424456 424506 200
513592 513602 10
453888 453918 60
621361 621435 74
412925 412957 64
602932 603367 435
965162 965263 404
356724 356845 605
298659 299140 481
861253 861464 422
941638 942191 1659
341619 341850 462
976488 976959 471
796792 797298 1012
176941 177458 1034
533262 533348 172
180829 181003 522
158916 159448 2660
776879 777176 594
646472 646937 1860
390622 390884 262
601122 601227 315
381172 381444 1088
889773 889884 555
989577 989615 114
792972 792989 51
160919 161433 1542
561073 561334 261
776014 776321 614
767138 767171 66
954662 955080 1254
959888 960248 360
531089 531322 1165
978083 978519 872
70073 70432 1436
695771 695966 780
729490 729861 742
196930 197065 675
258944 259455 1022
497414 497721 1228
692098 692226 256
698343 698873 1060
168814 169366 2760
417271 417390 595
353369 353596 908
790936 791467 2655
642436 642463 54
835345 835595 500
223934 224285 1755
164920 165233 1565
993073 993174 404
15388 15930 2168
501425 502005 1740
863562 864026 2320
741475 741561 86
237105 237236 262
31023 31532 1018
733445 734029 2920
290135 290472 1685
554900 554902 6
951891 952334 2215
743540 744107 1134
188475 188655 720
516178 516192 70
767726 768274 1096
202666 203084 1254
558058 558457 399
134686 134889 609
491120 491699 579
466310 466618 1232
373725 374078 353
569441 569729 1152
65726 66047 1284
213278 213530 504
793732 794023 1455
644432 644456 72
190252 190540 576
833965 834086 484
99921 100334 826
154878 155376 996
369206 369715 2545
261709 262050 341
684173 684342 845
519946 520236 1450
495025 495422 1191
209107 209304 197
841249 841537 288
981134 981289 620
416249 416829 1160
208264 208587 1615
451918 452223 1220
153519 153527 40
816107 816180 292
314020 314497 954
619969 620408 1317
846552 846782 230
727055 727226 342
970363 970930 2835
941943 942530 1761
737145 737666 2605
200405 200852 894
552388 552544 780
547811 547932 484
706428 706861 866
168289 168749 1380
846648 846765 468
869924 870085 805
604855 605394 1617
305314 305505 382
159069 159524 455
718515 719094 579
567498 567654 468
398312 398608 888
324310 324469 636
979126 979644 1554
540146 540201 110
273742 274238 1984
453394 453897 1006
591459 592059 1200
867443 867873 430
467445 467673 456
456879 457300 1263
923810 923911 202
813608 813609 4
621848 621953 105
727840 728339 1497
710465 710512 94
718047 718300 253
202478 202928 2250
591718 591751 33
420868 421439 1713
5638 5910 272
178722 179049 327
855165 855212 235
297231 297475 244
556649 557009 1440
49640 49863 446
336214 336809 2380
159943 160334 391
375154 375571 417
451978 452569 1182
458726 458839 565
846838 846849 11
752122 752709 2348
206481 206929 1344
875791 875875 336
485628 485731 103
628482 628866 1536
159445 159556 333
193746 194317 571
241413 241712 1196
415138 415555 2085
388172 388605 1299
247033 247209 704
199685 199805 240
142556 142802 246
929303 929306 6
473524 473996 1416
835687 836265 578
398772 398788 32
578967 578980 13
434185 434413 456
440076 440359 566
655942 656235 293
615671 616264 2372
171208 171463 255
343971 344477 1518
271569 271971 1608
397970 398202 232
731726 732292 2830
267777 267781 12
741041 741383 1710
375978 376008 90
449370 449496 252
373846 374099 759
604857 605311 454
718976 719158 546
246186 246768 1164
266821 266916 285
31473 32053 580
633122 633135 52
419300 419779 1916
636047 636537 1960
26575 26608 165
955752 955976 448
516011 516067 56
665495 665498 12
402844 403046 606
540848 540883 70
149797 150370 1719
197557 198014 2285
668099 668327 456
508837 508943 106
138676 138749 73
249646 250077 1724
195719 195924 410
300899 301137 952
426045 426589 2720
620476 620991 1030
623050 623146 288
539144 539510 1098
881971 882324 353
380125 380255 130
23333 23505 860
452347 452593 984
648754 649241 2435
779428 779959 2124
906755 907167 1236
565850 566085 470
443434 443916 1446
387857 388078 884
559890 560064 348
377382 377920 1076
923220 923620 800
333604 333810 618
344405 344983 1156
971111 971535 2120
369509 369646 137
864297 864334 148
186950 187394 888
601390 601688 596
678348 678754 1218
831128 831323 195
787986 788242 768
595732 595898 332
143248 143598 1400
543622 544158 2144
189794 190270 2380
208702 209268 566
932321 932584 263
100189 100277 352
481916 482354 876
320234 320759 1050
241130 241459 1316
723212 723397 740
928346 928530 184
466791 466951 800
693446 693631 740
625218 625787 1138
340619 340794 700
599309 599648 1356
443070 443079 9
582369 582427 116
879099 879642 1629
719386 719436 100
412682 412830 148
744760 745310 2200
983318 983885 2835
69456 69683 681
170868 171356 488
799254 799647 1572
48638 48680 126
690373 690508 135
862744 862917 692
399218 399818 600
815948 816398 1800
231508 231609 202
337470 338069 2995
159043 159540 994
824559 825046 974
408266 408376 440
510926 511485 2795
266611 267138 527
21779 22291 2048
916803 916890 87
65124 65313 756
631337 631838 1503
604337 604733 396
353185 353646 1844
758738 759013 1100
766404 766828 1696
405786 406305 2076
314091 314384 1172
371592 372033 2205
120978 121577 1198
394619 395046 1281
125003 125458 1365
524346 524607 261
320199 320577 378
572595 572649 108
70899 70948 98
15468 15977 2036
803520 804042 1044
701126 701656 1060
869616 869862 492
417727 418233 1012
659734 659974 480
382239 382818 2316
74878 74938 60
50255 50679 424
737435 737937 2510
237149 237383 234
869861 870147 572
723589 723808 438
644608 645024 1664
542638 542892 1016
261948 262287 678
824121 824269 444
605117 605138 63
230517 230646 129
383058 383588 530
772188 772287 495
329357 329574 1085
204761 205239 1912
118334 118673 339
74616 74991 375
819945 820385 880
126089 126345 1280
821229 821724 495
306813 307168 710
306158 306544 1930
315021 315577 1112
816994 817042 192
632478 632599 121
921195 921586 1564
257545 257547 6
187412 187927 2575
932228 932299 284
466353 466673 640
990412 990993 581
560622 560716 188
965473 965608 135
957682 958220 2690
471179 471452 1092
538805 539070 1325
291559 291766 414
534047 534544 994
90057 90609 1656
666422 666560 552
799505 799725 1100
692878 692995 351
567197 567673 2380
446750 446757 14
800999 801503 2520
95080 95317 237
206995 207256 1044
184577 184981 1212
410159 410662 2515
114643 114955 624
307651 307662 33
381055 381086 62
172697 172960 526
664513 664527 14
374605 375130 1050
867843 867862 95
358506 358604 392
534878 535053 525
30007 30040 33
257970 258330 1800
829547 829661 228
970293 970563 540
52913 53077 820
361310 361384 148
33586 34122 1072
790249 790778 1058
872666 872948 282
865476 865499 23
203523 203680 314
73362 73838 2380
975859 975970 333
340853 340887 68
798932 799106 696
796937 797322 1155
526088 526676 2352
57552 57886 1002
106050 106569 519
908303 908613 1550
879927 879961 68
594990 595434 1776
765607 765852 735
820122 820403 1405
477891 477922 93
333796 334165 369
131327 131369 126
747729 748072 343
156936 157350 2070
347590 347905 945
344584 344918 1002
993551 993936 1155
757095 757694 599
462786 463258 472
476417 476826 818
62759 63184 425
643634 644029 1975
497291 497525 936
593103 593701 598
750958 751191 466
431030 431339 927
630238 630499 1305
504399 504573 696
624916 625407 2455
102156 102364 416
415008 415373 1460
73668 73752 168
343782 344177 395
809425 809506 162
99364 99512 740
879551 880142 1182
982732 983233 2505
369027 369127 200
206629 206832 1015
694217 694645 856
482427 482900 473
732068 732441 1865
911696 912287 591
540756 540953 394
362936 363049 452
163680 163749 345
677799 678239 880
200159 200629 1410
821074 821075 1
579269 579600 331
991740 991994 254
785887 786041 616
457380 457952 572
60536 60644 540
62546 62994 2240
875516 875606 360
410125 410268 143
925506 925573 335
494843 495226 1149
358363 358372 27
426276 426298 88
303158 303367 836
712376 712766 1560
766790 767262 2360
22178 22652 474
708109 708584 1900
527779 528036 514
360086 360545 459
857742 858118 1504
615718 616171 906
224259 224543 1420
935634 935967 666
412771 413072 602
141603 141755 608
422210 422754 544
951272 951372 300
735823 736055 1160
418707 418712 10
45552 45587 105
567003 567322 1595
828579 828684 105
66908 67488 580
628381 628806 1275
348387 348553 166
202434 202762 328
541123 541672 2196
811094 811440 1384
990247 990778 2655
960960 961316 1424
984539 984723 736
840444 840639 585
468798 469313 1030
892501 892982 962
136415 136845 430
396838 396880 210
581587 581739 304
774134 774537 1209
379170 379646 2380
181123 181536 826
3808 4122 314
322563 322896 333
497515 497824 927
83636 83798 324
809975 810199 224
437331 437856 525
888318 888783 1860
529934 529984 250
971014 971357 1372
84103 84551 896
826944 827491 2735
535114 535304 760
394639 394665 130
893301 893720 1676
470276 470694 418
248 761 2052
339244 339646 1608
127390 127472 164
248522 248838 1264
756138 756326 940
992678 993247 2276
964711 965062 1053
753760 754070 310
192067 192614 2188
685824 686190 1098
596807 596874 134
88818 88975 785
820466 820985 2076
753882 754275 1179
547860 547862 6
240872 241120 1240
742789 743353 564
333069 333141 360
564206 564770 2820
929293 929808 2060
992290 992473 915
247886 248293 1221
771610 772025 1245
127043 127207 820
862626 863110 1936
632512 632594 328
388488 388783 295
310183 310341 632
790688 791042 708
696493 696954 2305
630643 630676 165
368743 369298 555
315305 315488 915
311504 312034 2650
59854 60441 1761
822660 822963 1212
757129 757361 464
50402 50790 1164
71400 71428 112
380317 380517 200
477138 477713 2300
908546 909023 477
650552 650883 993
527341 527800 2295
694621 694707 344
951830 952138 1232
336781 336807 78
572763 573354 1182
495349 495867 2590
9892 10418 526
352618 352717 495
306312 306635 323
107552 107699 441
236722 236858 136
379351 379758 2035
903900 903994 94
389672 390044 1488
123240 123626 1930
550716 550965 996
802314 802770 912
553591 553895 1520
997511 998046 1070
399887 400063 880
764589 764926 1011
27753 28094 1023
654988 655481 1972
110534 110659 250
222913 223351 876
727128 727415 861
34861 34992 524
104879 105411 532
778086 778589 2515
30184 30204 40
675852 676302 2250
721488 721669 362
36783 37322 1617
156455 156843 388
204634 204647 26
952229 952528 299
341647 342207 1120
548315 548867 2760
270621 271183 1686
265099 265423 1620
759780 760290 510
813025 813093 340
895899 896208 309
471484 471716 1160
346433 347012 1737
931632 932116 2420
871715 871890 875
42277 42574 891
470350 470387 148
474098 474247 149
652350 652528 890
602007 602381 374
759715 760010 1475
494357 494435 312
680099 680414 1575
190415 190997 1746
891763 892135 372
695272 695520 1240
958686 959013 327
209422 209801 758
434327 434905 2890
680863 680972 327
350595 351181 1172
604810 605031 884
415211 415392 543
614808 615128 1600
522959 523123 492
343210 343249 117
370137 370366 458
418286 418753 2335
872237 872353 116
800921 801300 758
211394 211688 1176
302118 302145 108
92402 92971 1138
356606 357124 2590
821029 821216 187
7136 7655 519
655093 655507 1242
481450 481632 546
51750 52283 1599
775632 776083 902
157656 157704 48
712845 712996 302
900668 900793 125
812999 813244 1225
375650 376181 2124
268667 268997 1320
669099 669324 900
77521 77988 1401
356991 357263 816
741022 741295 1365
707513 708028 515
361614 362087 2365
690902 691257 1065
557969 558449 2400
385256 385359 309
636001 636263 786
11016 11368 1056
319249 319374 250
239110 239138 140
146854 147354 500
225896 226260 728
74504 74927 423
167290 167396 106
726075 726423 1740
14444 14919 2375
161024 161588 2820
116543 116736 193
207700 208200 1000
56681 56791 550
357891 357910 76
88751 88910 159
179250 179409 636
817794 817882 440
806991 807447 1368
822432 822637 615
512451 512519 68
244221 244319 98
877985 878038 212
157741 158026 1140
450299 450650 351
646175 646689 1028
977904 977989 170
283923 284039 580
659355 659489 268
896094 896364 270
678140 678461 1284
668112 668198 344
200016 200514 996
343725 344055 990
264234 264686 904
755871 756429 2790
647476 647890 1656
561077 561387 930
516336 516446 440
637991 638253 262
600819 600820 2
80870 81312 1326
905689 905837 740
998750 998921 342
522001 522075 222
11164 11354 380
19120 19455 335
968623 969123 2000
185352 185906 2216
257347 257832 1455
811695 812071 1128
75431 75868 1311
126583 127040 1371
870863 871369 1518
757859 758058 796
729923 730078 310
534031 534302 1355
40036 40432 1584
76379 76542 652
873794 874166 1488
94033 94194 161
946685 946876 191
430194 430358 492
831019 831028 36
402779 403371 2368
434353 434687 334
154170 154604 2170
499261 499747 1458
769025 769129 312
377524 377875 1755
908531 908629 392
264244 264267 69
577912 577998 258
545377 545881 2016
434309 434434 250
814655 814829 348
873574 873675 101
206626 206850 224
862737 862910 519
35769 36133 1820
302806 303207 1604
381735 382248 2565
816589 817089 1500
280612 281182 2850
678204 678663 1377
171202 171404 202
758543 758647 520
850812 851147 1340
131111 131419 924
918147 918321 522
727360 727686 1304
320897 321015 236
234005 234566 561
236424 236882 916
153970 154135 165
711216 711402 930
941146 941735 1178
342680 343187 1014
347010 347258 992
392359 392608 996
88629 88895 1064
617283 617579 296
37026 37040 70
998104 998532 1712
636877 637185 1540
758015 758245 1150
22465 23054 589
265466 265480 14
406020 406265 980
111611 112135 2620
180604 180917 313
870723 871270 547
379760 380328 2840
308284 308543 777
788936 789251 315
398215 398683 1404
10242 10788 2730
697707 698004 1485
420933 421496 563
884835 885171 1344
23417 23472 165
150505 150648 429
402912 403419 1014
846394 846845 1353
915929 916055 252
364821 365249 428
883457 883991 1068
607850 608449 1198
749791 749796 25
462974 463308 1670
608865 609304 878
371690 371832 710
815647 816074 427
64540 64689 298
38184 38613 429
432385 432444 118
151618 151795 531
791804 792010 206
398134 398492 1790
931149 931536 774
569176 569326 600
308382 308793 1644
869885 870146 261
378521 378776 255
885120 885514 394
788051 788557 506
716939 717045 212
585299 585541 726
884416 884616 200
339241 339683 442
908611 909021 820
430639 431228 2356
949369 949400 31
265430 265844 414
876624 876648 96
136627 136705 312
466426 466925 1996
679914 680155 723
99278 99593 315
440724 440855 131
640835 640877 210
364034 364510 1904
770235 770273 38
139734 140315 2905
12719 13015 1480
462055 462274 1095
988115 988151 144
507425 507839 2070
997954 998405 2255
715630 715972 342
313274 313705 431
815649 816009 720
416758 417128 740
996397 996739 1026
676256 676330 296
284189 284636 1341
468772 469126 1062
953770 954069 897
13064 13270 1030
27304 27671 1835
518853 519426 2292
601929 602420 491
866760 866770 10
796175 796372 788
44459 44530 213
636726 636730 20
959423 959752 658
690718 691202 2420
274941 275451 2550
218197 218343 146
405286 405714 856
755311 755354 86
272575 272918 686
795542 795839 297
113504 113751 494
61253 61317 64
979650 980031 1143
230347 230721 1496
71574 71783 418
669106 669160 162
802244 802661 1251
56736 57010 822
401723 401876 306
691519 691686 334
865027 865455 856
836161 836748 2935
527763 528290 2108
84237 84743 506
947445 947910 2325
461803 462168 365
59976 60312 1008
296393 296684 291
843913 843984 355
54528 55118 1180
955114 955474 1800
765373 765894 2605
190538 190839 903
557716 558090 748
755852 756049 591
327378 327864 2430
628983 629536 1659
645204 645335 524
767240 767306 198
665517 665903 1158
153050 153409 359
739434 739896 1386
894474 894867 1572
345772 345941 169
341729 342206 1431
643640 643912 1360
69380 69620 1200
122416 122660 976
722089 722149 120
224559 225064 2525
106020 106392 1488
186497 186540 215
380899 381477 578
40702 40792 360
665432 665612 180
391527 392066 1617
465950 466400 2250
497623 498030 814
322522 323044 1044
921807 921896 89
373106 373305 597
219854 220352 996
129287 129476 189
546629 546946 1268
161947 162252 1525
960023 960435 824
437130 437137 14
598183 598498 1260
308917 309320 1612
844729 844871 568
998054 998382 328
941136 941589 1359
726684 727281 1791
545188 545456 1340
991025 991531 2530
413673 414202 529
387763 387821 232
274966 275564 598
573188 573223 105
630202 630708 2024
387614 388062 1344
421106 421592 1944
211727 212058 662
563161 563498 1348
665062 665529 467
655192 655696 1008
614513 615071 2232
605565 605919 708
346075 346236 805
815483 816005 2610
835671 835761 450
657318 657547 916
660512 660547 35
27549 27625 380
430578 430948 740
776867 777142 275
754321 754466 580
325655 326201 2184
863737 863803 132
405817 406340 523
178393 178678 570
818244 818532 1440
742858 743001 143
561733 562123 1560
868641 868930 1445
329672 330097 425
275737 276004 267
598037 598359 966
769165 769549 384
481634 481759 125
130272 130517 490
116556 116839 1415
519445 519761 948
579204 579242 38
815661 815930 807
492966 493002 144
509845 509916 142
805924 806079 310
268747 269227 480
387265 387855 1770
714907 715422 2575
687941 687986 225
980609 980828 876
156417 156849 432
440450 440984 1068
909413 909676 789
72424 72706 1128
715135 715700 2825
527063 527206 572
514476 514980 2016
694617 695165 1096
771320 771456 272
559955 560151 588
344602 345143 1082
607390 607469 79
203231 203234 12
711430 711669 1195
824874 825116 726
665710 666290 1740
937537 938069 2660
792032 792621 1767
908964 909167 609
42031 42576 1090
547383 547797 828
573600 574062 1848
336047 336432 385
205826 206078 504
268293 268387 282
817962 818507 2180
54143 54468 650
962179 962280 202
518547 518725 356
104894 105201 1228
866617 867195 2890
788104 788251 294
670895 671127 928
197125 197619 1976
909736 910062 1630
485585 485611 130
161765 162338 573
939528 939865 1685
59617 59734 468
888112 888569 1371
89388 89964 2304
853195 853327 660
705380 705733 1412
873150 873402 1260
783781 783871 90
250360 250803 2215
667889 668419 2120
264585 264587 10
927141 927322 543
922703 922858 310
873095 873397 906
336337 336560 1115
441466 441551 170
143787 143844 171
158151 158647 2480
264416 265015 1797
500093 500123 90
881360 881697 1348
706452 706629 354
630594 630775 543
971393 971665 816
431702 432135 866
877740 877747 14
695379 695576 394
926066 926223 785
481130 481642 2560
39666 40126 1380
702245 702357 560
976367 976540 692
718509 718706 197
221140 221628 1464
392048 392141 372
274883 275324 2205
814050 814374 324
391377 391712 335
202729 203059 1650
535003 535550 2188
687077 687359 846
543517 544065 1644
120370 120502 660
445074 445562 488
105090 105410 640
41965 42089 124
232085 232314 1145
697033 697350 1268
833321 833392 284
250673 250910 237
804946 805104 316
804402 804787 1155
784927 785171 976
826523 826905 382
635807 636293 486
981296 981654 1790
358520 359040 2080
217584 217678 188
288636 288986 1400
798826 798872 230
650687 651075 388
391054 391545 2455
189517 190070 2212
493246 493347 505
510457 510677 440
635398 635629 231
461482 461988 1518
344003 344544 1082
316067 316429 1810
10461 10559 392
138670 138859 378
196272 196616 1032
301755 302060 305
184482 184763 1124
572773 572997 672
354672 355112 440
372980 373526 2730
197209 197352 286
45435 45475 160
389565 389797 232
515821 516310 1467
357973 358465 492
663383 663446 252
224194 224523 329
267018 267359 1364
111742 112304 2248
46656 47240 2336
32854 33091 474
769089 769244 620
593018 593377 1795
287974 288433 2295
605634 605813 716
28581 28690 545
778683 778905 666
694641 695160 2595
568721 569156 1305
214852 215428 1728
659895 660246 1053
207663 207984 963
17065 17512 1788
974563 974987 1696
429614 429960 346
847484 847943 918
610103 610247 144
896745 897205 1380
247014 247188 348
695393 695561 336
590163 590297 670
654651 655116 465
267755 268331 576
291293 291842 2745
465642 466073 2155
576303 576627 648
784373 784523 600
229931 230404 1419
857491 857952 922
90226 90322 288
630312 630901 1178
450738 450811 73
966791 967110 319
922696 922937 1205
235352 235873 1042
844738 844941 406
827664 827682 54
552337 552364 108
513767 514354 2935
25603 25746 286
872611 873160 2745
350785 351289 1008
316216 316775 1677
251379 251546 668
638824 639149 975
940195 940513 1590
543662 543925 263
355959 356059 300
836578 836768 190
382181 382321 280
769344 769390 230
313767 314108 682
629257 629720 2315
692861 693252 1564
888894 889306 1648
318041 318246 820
481714 482178 2320
717818 718038 440
480050 480349 299
314801 315383 1164
706647 706902 255
595710 595726 32
960044 960552 2540
184471 184915 888
815308 815617 1545
648109 648419 1550
26759 26936 531
208579 209045 1864
137635 137931 296
21325 21866 1082
38081 38242 483
529801 529973 516
982937 982967 150
827632 827999 1835
801317 801746 429
269842 270267 1275
501778 501846 68
730596 730975 1137
50693 50739 138
363957 364429 472
685141 685690 2745
418003 418448 2225
314646 314719 219
355490 355612 122
873167 873574 1221
875619 876014 790
580850 581303 2265
940709 941123 1242
202098 202326 912
557356 557926 1710
710347 710412 65
928740 929052 1560
612790 612987 197
438862 439123 522
419497 419885 1940
331532 331882 1400
706482 706780 298
124117 124600 2415
274501 274638 685
491876 492145 269
914329 914824 495
552113 552270 314
281069 281321 1260
539277 539331 270
335804 336236 864
744780 744948 504
953415 953911 496
654868 655375 1014
169195 169714 2076
578246 578771 1575
654470 654640 170
876604 876627 23
147925 148067 710
497344 497817 1892
11952 12329 754
939506 939760 1270
675652 676108 1368
128165 128254 445
853219 853556 337
991427 991956 1058
816972 817105 133
76713 76938 900
536956 537230 822
674441 674960 1557
593870 594280 820
241733 242055 644
527840 527860 20
917078 917220 710
525573 525748 700
912781 913079 1192
477904 478036 528
395802 396036 936
846483 846524 82
456156 456252 384
348416 348437 84
531755 531834 158
430163 430451 576
305361 305527 332
902018 902100 246
402144 402264 240
487490 487994 2520
443740 443922 546
366460 366854 1970
958720 959049 987
532873 533223 350
600254 600344 270
949157 949315 632
901729 902299 2850
757876 758144 536
519301 519640 1017
603238 603364 630
914830 915286 456
13691 14082 1955
336941 337157 432
898642 899187 2725
119509 120011 2510
816025 816451 1278
358968 359291 646
773648 773721 146
36565 37136 2855
270670 271148 956
458230 458562 996
194442 194760 1590
329760 329854 188
729560 730142 2328
291296 291560 528
784469 784509 120
52958 53349 391
542975 543573 1794
528961 529043 164
188780 189141 1083
390123 390145 66
542494 542817 969
137635 138100 2325
652593 652784 382
283342 283664 966
825295 825339 44
786248 786368 120
698812 699192 380
344117 344391 548
727883 728465 1164
311541 311622 81
884030 884129 99
224031 224529 1992
623138 623351 852
595880 596317 874
730894 731338 888
229572 229791 1095
948767 949246 958
403202 403566 364
137678 138073 1975
511326 511904 578
393408 393938 2650
869163 869466 909
925971 926468 2485
17356 17662 1530
804699 805117 836
639269 639800 1062
490554 490755 201
55782 55885 412
795535 796009 1422
270646 271129 483
58839 59134 885
853055 853420 730
855592 855634 42
473638 474123 970
571269 571830 561
321578 322014 1308
285820 286093 1092
792696 793101 2025
755272 755818 1092
584452 584684 1160
522454 522459 20
272082 272572 1470
365675 365833 790
927491 927984 1479
945729 946289 2240
816694 817192 1494
598203 598421 1090
897483 897712 916
584294 584316 110
279060 279244 736
489714 490226 2048
839745 839921 352
825516 825811 295
730996 731584 2940
940450 940601 453
284239 284781 1084
635359 635897 538
947580 947686 424
876417 876498 324
710037 710361 1620
496626 496727 404
705080 705218 414
428887 429412 525
430850 431072 1110
706557 706664 321
853627 853777 300
447523 447803 280
256806 257278 1888
532635 533162 2635
424338 424786 448
738161 738434 1365
865551 866096 545
84164 84298 536
432385 432966 1743
596248 596612 728
754785 755154 1845
147175 147507 996
546231 546446 215
817009 817238 687
194067 194496 1716
400648 401198 2750
917162 917608 892
282027 282043 80
144419 144431 60
626424 626711 574
328878 329466 2352
139034 139304 1350
775450 776042 1776
94858 95324 466
75703 76247 544
169010 169441 2155
300232 300274 210
428936 429223 861
323226 323420 776
647194 647429 940
730511 731051 1620
780235 780478 243
817082 817376 1176
669057 669319 1048
207073 207662 2356
668456 668819 1089
861216 861241 50
703339 703851 1024
779754 780042 864
306189 306308 357
766988 767506 1554
350403 350651 1240
59326 59438 560
147370 147582 848
974148 974457 1545
291449 291740 1164
886515 886971 1824
414757 414812 55
931353 931674 963
483483 483678 195
213428 213890 924
831115 831703 1764
120780 121043 526
779135 779246 222
356075 356583 2540
926075 926450 1125
432041 432341 300
443127 443237 220
567183 567661 478
621415 621784 1107
541117 541223 424
239569 239899 1320
228905 229277 1488
70449 70473 120
793408 793745 1685
543541 543603 186
57364 57637 1092
64088 64555 1868
132473 132983 510
233430 233973 2715
683200 683396 196
53638 53647 27
352050 352237 561
363015 363514 1497
887529 888081 1656
474438 474746 1232
302220 302673 2265
351116 351280 492
427252 427421 845
34317 34521 612
201069 201413 1032
675685 676222 537
736503 736906 1209
537534 537646 112
890866 891346 1440
429294 429639 690
257968 258159 191
937457 938025 568
570613 571004 1955
189910 190382 944
583374 583702 656
42685 43060 375
966114 966187 365
914629 914733 208
224777 225294 2068
677410 677921 1533
818341 818815 1896
592969 593431 1848
379666 380001 335
183968 183990 44
177263 177673 2050
233071 233405 1336
52431 52941 2550
821576 822071 495
197180 197587 814
368397 368601 204
542377 542649 544
905061 905080 38
753595 754024 429
86515 86603 88
817667 817883 648
260458 261040 2910
490731 491264 1599
441054 441413 1436
356706 356838 264
574018 574580 1686
734985 735140 620
468996 469251 1020
740059 740445 386
500502 500719 868
397277 397396 595
685892 686486 2376
583777 584156 1895
92277 92542 795
652020 652590 2850
596281 596317 180
904920 905282 1810
453273 453681 1224
852979 853066 261
201568 201819 251
183343 183454 444
955777 956373 2384
604230 604426 980
187652 187936 852
683086 683147 61
22039 22383 344
512138 512238 100
496308 496728 2100
254134 254449 1575
494223 494685 924
288794 289031 474
84930 85038 540
734403 734777 374
314866 315041 875
336060 336418 358
580125 580244 119
388518 388558 160
181238 181703 1860
320472 320906 2170
869878 869998 600
242522 242548 78
64699 65065 1830
534630 535160 530
872020 872489 1407
830861 831371 2040
940030 940200 510
959863 960250 387
182326 182670 1720
274195 274336 141
221202 221328 252
444839 445409 570
594389 594846 1371
247365 247794 1716
107420 107453 99
234737 234895 474
955330 955488 790
351119 351444 1300
421449 421983 2670
774484 775031 1094
570906 571278 372
509419 509806 1161
248481 248878 1985
223179 223716 2685
637895 638287 1960
46148 46464 632
721419 721694 275
899329 899733 2020
844339 844920 1162
431617 432102 970
733839 734317 956
4417 4848 1724
22343 22640 1485
929252 929386 536
574785 574971 744
416867 417343 2380
452030 452195 165
447749 447821 72
605170 605695 525
693029 693161 396
789951 790361 820
494571 495007 1744
285619 285919 900
853011 853062 255
835518 835635 468
720187 720517 660
94082 94640 1116
231199 231650 451
803323 803450 508
711735 711925 190
943469 943575 106
134845 134911 132
280537 280663 378
892760 893251 1473
444295 444577 846
690674 691240 2264
823193 823484 1164
671052 671129 385
505458 505611 612
410348 410868 2080
489709 490245 1072
728894 729157 263
583368 583900 1064
985702 986140 1752
96722 96747 100
80324 80489 165
760230 760305 375
433191 433206 45
17096 17251 465
638472 639012 2700
284908 285467 1118
469338 469398 60
302477 303031 1108
266241 266311 140
624893 624954 305
648590 649160 2280
452123 452625 2510
91044 91067 115
631340 631716 752
870216 870665 1347
199471 199555 420
719199 719657 916
219265 219730 465
291248 291557 1545
68572 69002 1720
935596 935672 304
589657 589809 760
72131 72375 244
921698 921919 442
430328 430656 984
871159 871559 400
309969 310290 1605
478709 478776 134
854539 854763 672
19324 19514 570
681156 681437 1124
481822 482106 284
180566 180719 459
711336 711520 920
351192 351300 432
20991 21479 976
722103 722500 397
726289 726825 1072
435755 435925 850
21142 21539 1985
272512 272554 84
160894 161160 266
676856 677140 568
423327 423565 1190
380697 381130 866
341361 341601 1200
150287 150690 2015
172330 172474 288
494910 495341 862
453226 453479 759
540623 541084 1383
571045 571571 526
599281 599876 2975
632557 633116 1118
885817 886339 1566
699781 700381 1200
18948 19215 267
30409 30501 368
936803 936853 50
954310 954373 315
769190 769204 42
3772 4276 1008
781452 781503 255
14356 14805 449
618933 619460 2108
844933 845277 688
259440 260019 2895
720556 720653 97
458573 458689 348
545894 546306 412
989562 990065 2012
470795 471255 460
368466 368910 444
198590 198607 34
903233 903771 1076
242104 242584 480
22390 22401 22
529990 530358 1104
358789 359055 266
219094 219521 1281
580725 580929 816
618505 618631 252
569805 569834 145
330765 331300 1605
794210 794760 2750
998519 998851 664
441030 441363 666
60060 60588 2640
550582 550922 1020
834900 835283 1149
183894 184483 589
312025 312550 1575
613399 613592 579
822961 823239 1112
411741 412142 2005
49848 50169 1284
284512 285052 1080
981465 981694 458
218714 219011 1188
192075 192550 1425
233147 233647 2500
550438 550811 1119
162229 162829 2400
891975 892348 1492
222725 223111 772
270880 271476 1192
454644 454660 16
990161 990355 388
756395 756941 546
375916 376412 496
812274 812367 279
744220 744652 432
492057 492582 2625
321157 321352 780
998545 998579 136
624705 625260 555
731283 731381 98
316860 317061 804
922591 923191 2400
651758 652041 566
885550 885621 355
250322 250421 297
216690 217024 1002
188407 188498 273
529847 530228 1524
586426 586680 254
952106 952617 1022
607377 607513 544
378721 379187 466
461629 461874 1225
264538 264916 756
158364 158608 976
387522 387741 219
78706 79018 624
876838 877008 510
51606 52178 2288
968937 969491 1662
453817 453837 40
843196 843693 994
119189 119704 515
29563 30056 986
71101 71134 99
554436 554574 138
776029 776528 1497
913960 914078 236
759838 760340 2510
354867 354967 100
61217 61258 41
733279 733741 462
98690 98868 890
963347 963786 1756
223082 223173 91
864989 865224 1175
2102 2349 1235
337888 338416 1584
944618 944814 588
343222 343731 509
315216 315430 642
201916 202047 131
209729 210233 504
175234 175609 375
651770 652356 2930
973061 973623 2810
791276 791697 1263
643073 643323 1000
234963 235069 106
378508 379054 1638
18122 18262 280
307769 307880 333
765400 765449 147
451561 452147 1172
44773 45249 952
46592 47033 1764
173607 173836 458
144945 144992 47
354233 354666 1299
223499 223699 600
136172 136569 1191
526089 526630 2705
328309 328534 1125
326858 327172 942
2659 2691 96
935844 936361 517
759486 759905 1676
534871 535042 855
785233 785742 509
718736 719272 2144
98332 98508 528
667244 667422 712
408194 408714 1560
122171 122236 130
188407 189008 2404
338615 338653 76
494519 494733 428
887488 887526 76
161124 161604 1920
20775 21360 1170
60925 61137 1060
288294 288760 1398
966042 966280 1190
300468 300720 1008
958320 958345 75
314546 314956 2050
618090 618242 608
207106 207483 377
917977 918309 1660
866901 867093 768
724520 725044 1572
221706 222160 1816
529482 529811 658
178501 178689 940
401193 401487 294
726495 726812 1585
458 697 956
835611 836053 884
949330 949441 555
973950 974353 2015
789772 789818 46
37662 38139 2385
292970 293374 1212
305940 306326 1158
808396 808843 2235
400210 400620 410
993283 993793 1020
435930 435988 116
178771 179094 1292
341497 341542 135
598259 598488 458
923518 923914 1584
685964 686054 90
497849 498426 1731
813068 813178 330
76297 76623 978
461155 461563 816
837585 837824 478
573583 573778 390
781197 781547 1050
799133 799322 567
419750 420017 267
17945 18404 459
603134 603397 1052
37845 38427 1164
736006 736230 896
298795 299110 315
323678 323702 120
736062 736611 2196
344901 345199 596
147559 148075 516
244502 244938 1744
570841 571329 2440
578499 578829 330
763651 764149 1494
571232 571717 2425
107670 107798 384
21615 21874 518
946526 947012 1458
657053 657640 1174
646799 646870 142
712446 712638 768
909 1450 1623
420929 421382 2265
971851 972309 1374
214636 215213 2308
780061 780538 477
729129 729324 585
806718 807258 1620
161286 161664 1512
557909 558451 2710
265912 265966 270
21163 21226 189
310108 310496 1552
900377 900976 2995
754432 754670 1190
659416 659552 680
712099 712214 575
337402 337625 223
951020 951297 554
3907 4450 543
390279 390493 214
569040 569304 1056
418853 419256 806
346384 346953 2276
772241 772454 213
125064 125600 1608
214621 215072 2255
817687 817714 54
230570 231132 2248
219646 220183 537
914986 915267 281
416442 416460 18
168573 169016 443
503878 503980 204
4323 4604 281
157248 157484 1180
921897 922222 650
513962 514171 627
261141 261425 1420
85678 86247 2276
279249 279316 268
387675 387761 344
132467 132709 726
966193 966392 199
966156 966686 2120
273627 273809 910
797536 797753 217
676171 676221 200
540161 540755 1782
111821 112186 1825
813756 814329 573
210656 210916 780
65578 65998 1260
938058 938513 1820
890012 890188 352
531345 531436 455
626329 626424 380
51676 52068 1176
323609 323618 27
594774 594853 237
420741 420782 82
547888 548456 2840
89199 89445 246
92559 92859 1200
969786 970377 1773
736459 736647 752
433746 433757 55
252615 252992 377
217829 218290 922
456397 456402 15
987529 987680 302
694615 694871 1280
484933 485344 411
703277 703792 2575
391685 391995 620
784957 785410 2265
91834 92291 914
604327 604823 992
606483 606962 479
458981 459217 1180
473181 473596 1245
628967 629148 362
310016 310249 233
952360 952620 520
680717 680968 1004
223606 223707 202
930571 931055 1936
545544 545989 890
462903 463015 224
248810 249179 738
40222 40822 600
582259 582826 1134
57432 57930 2490
984094 984468 748
871535 871758 446
864306 864412 530
229571 229720 298
451210 451529 1595
447472 447580 108
624001 624242 241
808362 808871 1527
245166 245536 1110
452064 452336 1088
870552 871135 583
285049 285240 764
863758 864048 1160
577840 577989 149
533860 533956 480
729549 730000 451
291821 291909 176
395643 396078 2175
506209 506261 52
494071 494624 1659
243537 243873 1344
928631 928712 81
465146 465701 2220
378250 378405 155
327179 327227 96
189580 190120 2700
780810 781017 828
159341 159907 2830
839339 839551 636
321208 321757 1098
12200 12698 498
402592 402905 626
594340 594662 644
895996 896359 1089
26729 27056 981
122906 123101 390
921994 922167 865
727370 727723 1412
180726 181095 738
383110 383305 390
289458 289951 493
317541 317743 606
993889 993946 285
535395 535461 66
891708 891966 516
918075 918252 885
518467 518665 198
799003 799579 2304
482799 482861 124
592152 592610 458
982181 982410 458
975307 975821 1028
286527 286644 234
187252 187494 242
590664 590981 317
886265 886595 1320
848664 849171 507
747305 747607 1510
845679 846019 680
929079 929132 265
907474 907616 568
956831 957298 1401
655858 655936 156
194015 194213 594
386015 386218 406
238576 238625 49
453823 454347 1572
95823 96374 1653
591197 591674 477
764672 765083 2055
283389 283684 590
714601 714716 230
36835 36956 363
584351 584733 1146
637334 637471 685
70800 71214 828
411173 411341 672
312117 312286 507
282062 282358 888
68876 69039 652
839621 839726 105
219040 219186 584
410967 411116 447
467598 468051 453
363405 363856 2255
801425 802010 1170
852518 852555 37
910755 911204 1347
923412 923712 600
53195 53694 1497
373144 373543 798
872916 873470 1662
131540 131736 196
555868 555950 164
576459 576824 1825
367745 368178 2165
694507 695005 1494
335622 336095 946
797922 797961 117
454220 454424 1020
600179 600667 1952
10634 11073 1317
418807 419329 522
394224 394241 51
691365 691954 589
480541 480877 672
66894 66978 252
304937 305088 604
112236 112602 732
729296 729298 10
92552 92665 339
408151 408264 565
654143 654665 522
633127 633238 111
47100 47177 77
24112 24527 2075
221276 221466 760
541366 541663 594
720666 721236 1140
662808 663248 1760
209121 209510 1556
218288 218658 1850
89672 90233 1683
924251 924555 608
324040 324451 2055
130394 130762 1840
740081 740547 466
354574 354664 360
835308 835788 2400
307199 307480 281
581453 581587 536
410470 410613 429
211044 211519 2375
230523 230723 1000
233265 233369 104
587550 588024 1422
288888 288993 525
825971 826293 644
183012 183181 845
45561 46109 2192
61181 61604 423
136384 136772 1940
349718 350243 1575
343336 343650 942
411700 412036 336
859927 860133 824
96856 97147 1455
371834 372082 496
106260 106484 1120
193039 193106 201
324204 324793 1767
469665 470060 1185
583283 583384 404
705958 706281 1292
104754 104994 960
868883 869389 1518
782564 782876 624
606306 606638 996
462219 462579 1080
434614 434729 575
613947 614127 720
846706 847186 960
328540 329136 596
29056 29110 216
100936 101059 492
668117 668577 2300
496058 496094 108
673784 673841 57
123711 124309 598
400057 400311 1270
149592 149620 140
750629 750700 71
571759 572010 753
441632 441902 1350
901819 902419 3000
407091 407322 1155
992898 992932 136
278094 278575 962
805643 806043 400
595161 595549 1164
617750 618064 628
924301 924466 825
834971 835340 1476
919706 919833 254
708462 708885 2115
533120 533170 100
152786 153152 1830
15500 15959 459
177630 177948 1590
891907 892339 432
242326 242470 288
30061 30577 1548
740051 740118 67
360564 360821 771
533946 534502 2224
941002 941244 484
577856 577983 381
381135 381246 333
374106 374613 2028
594151 594648 994
898649 898979 1650
452673 452987 942
820950 821457 2535
978656 978709 212
617515 617757 1210
371332 371697 1095
50043 50557 514
551095 551398 606
417574 417891 1585
351572 352061 489
257604 257842 714
914538 914888 1400
530063 530605 542
58741 59051 310
928527 928933 1624
52938 53054 232
291061 291582 1563
840793 840808 45
69231 69247 32
508351 508859 1524
971568 971853 1140
651839 652028 567
646899 647343 888
907775 907853 78
653341 653907 566
555883 555884 2
140517 140521 20
826663 826671 40
356023 356523 500
686796 687365 1707
708739 709317 1734
232323 232596 546
487280 487406 504
986380 986597 651
512039 512575 2144
387633 387974 341
569029 569233 816
193194 193207 52
8329 8844 2575
22297 22668 1113
3478 4060 2910
669258 669533 275
128155 128690 2140
140047 140491 888
72660 73108 896
372733 372864 131
781605 781781 704
2508 2969 2305
110629 111022 1965
790856 790911 220
571937 572315 378
335767 336210 1772
291305 291805 500
828975 829382 1221
845548 845752 816
484251 484406 620
287202 287539 1348
653490 653499 27
731301 731530 458
240937 241497 1680
344206 344252 184
550029 550115 258
920078 920442 364
333449 333461 48
126511 126803 584
124406 124610 816
949812 949956 720
754850 755155 1525
278376 278418 126
824156 824252 192
82159 82612 1812
183515 183728 426
132537 132658 605
182618 182816 792
462609 462683 148
81467 81940 1419
145483 145535 208
870899 870974 150
388078 388147 69
185441 185719 1112
561244 561453 209
975638 976193 1110
921777 922068 1164
411659 412006 1735
538618 538795 177
704132 704633 1002
381206 381632 852
404897 405160 1315
548295 548844 1098
957364 957603 478
327625 327853 456
56932 57308 1504
101828 102075 494
166110 166470 360
753075 753586 1022
370001 370570 2276
920096 920247 151
822965 823371 2030
781642 781938 296
186374 186625 753
320696 320892 196
554688 554815 127
988099 988150 51
973729 974217 1952
143428 143876 448
171346 171645 1495
802402 802982 1740
427722 428180 916
47550 47857 921
432415 432630 645
977327 977606 558
907576 907690 342
775717 776212 1980
884232 884579 1041
755969 756294 1625
550508 550800 292
4666 4786 360
653089 653429 1360
768647 769154 1014
185191 185283 92
970648 971242 594
852067 852348 562
527169 527231 124
166803 166883 240
289966 290342 1880
139839 140171 1660
733224 733810 1172
363965 364080 575
228463 228830 1835
273418 273593 350
929408 929967 1118
819145 819666 1042
674811 675285 1896
160412 160860 1344
425484 425775 582
791487 791707 660
107414 107638 448
490911 491400 978
304705 305196 491
320638 320837 995
912281 912442 644
477865 478333 2340
318461 318990 1058
571727 572016 289
682961 683172 844
318770 319316 2730
100506 100988 482
510080 510576 992
56932 57250 636
503834 504291 1828
820638 820992 354
824707 824774 134
383238 383712 2370
826157 826494 337
916511 917084 1719
752553 752946 1572
422494 422759 1325
594552 595058 2024
833222 833505 1415
335902 336089 187
686236 686785 1098
286022 286156 134
777234 777494 780
289104 289625 1563
144747 145096 1047
255339 255637 894
74865 75027 810
601471 601913 2210
528866 529287 1684
5130 5356 904
922754 923202 1792
244320 244596 276
285496 285789 1172
644754 645028 1096
854498 854824 1630
25481 25784 303
133076 133590 1542
83909 84432 1569
475170 475463 879
841368 841392 72
253468 253869 1203
152691 153002 1244
599986 600060 296
287342 287571 458
943959 944027 136
58560 58604 132
662645 662853 208
210282 210661 1516
251320 251899 2895
560397 560601 612
593784 593889 105
426728 427051 969
272119 272153 34
605644 605952 1232
720158 720332 870
203402 203534 528
901 967 330
587012 587203 955
329446 329741 885
725874 726215 1705
903312 903349 185
245948 246113 330
582242 582333 182
364428 364820 1176
80579 80888 927
703807 704292 485
617637 617862 225
654517 654579 310
26443 26838 1580
297620 297876 768
409923 410191 268
785334 785913 579
454887 455051 656
56508 56779 271
769147 769734 2348
723841 724092 1004
546055 546349 882
88084 88202 118
914963 915303 1700
721031 721235 816
91651 92167 516
308172 308224 52
775235 775514 1395
890477 890873 396
477731 477960 1145
353046 353312 1330
942517 942966 2245
29365 29814 1347
913259 913584 1300
563611 564108 994
217928 218088 640
999392 999576 920
146063 146198 675
535514 535828 942
736854 737275 1263
706098 706571 1419
352507 352610 103
383006 383191 185
385055 385532 1431
315448 315855 2035
682191 682580 1556
944298 944892 594
817281 817640 359
119301 119829 2640
915681 915781 300
593035 593306 271
332914 333074 160
932099 932443 1032
500242 500686 444
380823 381309 1458
220223 220373 750
605891 606228 1685
237813 238046 233
47560 48136 1152
539567 539699 264
758410 758752 1710
744325 744735 1640
372287 372398 111
710942 711534 1776
628546 628956 1230
594980 595266 1430
409496 410035 1617
844435 844739 608
7653 8058 1620
845877 846189 936
633494 633682 188
819752 820350 1794
501321 501363 168
928665 929042 377
238043 238555 2560
389673 390097 424
321649 322138 489
877675 877849 870
355241 355336 285
8140 8203 126
745514 745554 120
62131 62539 1632
134593 135089 1984
998607 998709 102
895214 895697 966
6713 7198 485
783991 784054 315
288129 288686 557
228234 228644 1230
147898 148119 442
18293 18693 400
269205 269486 843
754531 754941 820
639178 639676 1494
656434 656620 744
12120 12172 52
470835 471421 586
711999 712512 2565
383195 383594 1596
494255 494736 1924
267276 267391 575
940076 940634 1674
948439 948662 223
419523 419933 1640
977184 977415 462
734733 735120 1548
560088 560177 178
868871 868913 42
132536 133062 1052
499474 499645 684
551376 551585 836
338618 338671 212
548289 548763 474
821094 821494 1200
128343 128840 1491
160245 160788 2715
544254 544707 1812
445996 446253 257
664297 664485 188
988981 989133 456
12326 12807 1924
792021 792053 32
241153 241478 650
158809 158846 148
665125 665202 385
766175 766301 378
123388 123590 808
428774 429082 1232
293381 293853 2360